4186142814
4185813241
4172301723
4172297226
4172245371
4170114705
4170032477
4168192149
4167349194
4167302801
4167251982
4138897436
4138834856
4138748557
4138654389
4138539349
4137154017
4137068752
4127768032
4127637673
4127531266
4127424284
4127419501
4127364625
4126775565
4126645476
4126570281
4126075780
4125961121
4125840415
4125791133
4120007976
4119931942
4119868215
4078566725
4078478649
4078180258
4078079157
4074639753
4074591870
4070423361
4070356125
4066775838
4066704198
4065260154
4065211201
4065042825
4064993264
4064786062
4064708096
4063369023
4063289036
4062151757
4062098446
4062010988
4061952570
4061742840
4061660411
4029738771
4029678171
4029630280
4017606078
4017552964
4017493296
4006305587
4006207866
4006166958
3994018485
3993974856
3993923843
3981873087
3981840919
3981753042
3943981461
3943893584
3943790375
3943673479
3943547236
3942260942
3942119450
3937484599
3937435514
3932161077
3932111656
3928278244
3928136472
3928080962
3928032584
3927970381
3915850617
3915802479
3911466745
3911317677
3911193264
3909733428
3909634072
3909047737
3890218437
3870838763
3870720136
