4155165022
4155083070
4153457727
4153176605
4124591856
4124479183
4124392449
4124258165
4124182422
4124098418
4124027214
4123968185
4123911989
4122372951
4122306160
4121307440
4121225396
4121146198
4120783957
4120666610
4120558919
4120432559
4120361086
4080856812
4080778303
4080723031
4080666526
4080601137
4080420268
4080316101
4078412913
4078363316
4078291886
4074639753
4074591870
4070556816
4070500759
4066760701
4066670110
4065281130
4065229720
4065083072
4065016209
4063572817
4063532336
4063350513
4063286002
4062151757
4062098446
4061984521
4061924528
4061721528
4061671194
4029124253
4029060092
4028964832
4005312019
4005215782
4005159061
3943365614
3943262880
3943204781
3942260942
3942119450
3937609487
3937537639
3934197014
3934135077
3934056852
3930369369
3930266193
3930123077
3930055489
3903099199
3902979731
3902849890
3902498542
3902374443
3900280991
3900169897
3899984103
3899867571
3898771485
3898537635
3898369901
3897828395
3891750360
3891640110
3891349796
3891255300
3890907673
3890837233
3889421559
3889299301
3888781364
3888710999
3870838763
3870720136
3870602242
3870453145
