4185799546
4185683334
4184491877
4184386894
4184261341
4184179421
4182947947
4182864290
4182755577
4182682702
4130264988
4130230422
4130022794
4129937734
4129849606
4128311042
4128238521
4128151899
4126831775
4126782020
4126658155
4126590059
4080420268
4080316101
4078566725
4078478649
4076485641
4076431752
4074821374
4074748928
4074694505
4072509593
4072441405
4066759760
4066666471
4065260154
4065211201
4064786780
4064706284
4063572817
4063532336
4063359785
4063299885
4062142571
4062099038
4061971770
4061921764
4061745637
4061662358
4031939643
4031887529
4031793106
4029995725
4029958654
4028198178
4028093026
4028020665
4027986886
4026380872
4026310132
4024533023
4024442440
4024385848
3982234539
3982197476
3982162700
3971717222
3971673262
3971583578
3971552773
3969510492
3969305067
3967891613
3967809253
3967718821
3967679468
3967602199
3955045466
3954985209
3954932431
3954889882
3954860348
3954819229
3954700061
3952943164
3952916252
3952888413
3935718039
3935657118
3932641464
3932554750
3932468492
3928620364
3928462587
3928034802
3927969700
3909460746
3909327479
3908965592
3881057421
