4080856812
4080778303
4080723031
4080666526
4080601137
4078412913
4078363316
4078291886
4074821374
4074748928
4074694505
4072354014
4072252473
4066751467
4066688247
4065268827
4065211218
4065084843
4065017593
4064796732
4064721264
4063558826
4063518923
4063359785
4063299885
4062010988
4061952570
4061721528
4061671194
3973105146
3973023989
3972937677
3972835248
3971176821
3971089692
3970990054
3970420652
3970333065
3968380074
3967446758
3967285140
3967062172
3966788182
3966654369
3966401120
3954533010
3954458905
3954367850
3954242224
3954100793
3952816374
3952797364
3952761045
3948001043
3913692326
3913576985
3913433059
3911032684
3910845348
3909760210
3909654281
3909090113
3898179475
3898052688
3893117690
3893059114
3891428412
3891341830
3891117294
3891024973
3889445646
3889323628
3888974246
3888874291
3888666303
3888582250
3867448152
3865875641
3865715133
3862262314
3862135578
3862035677
3861026687
3860917809
3858133933
3858047503
3857948369
3856476310
3856371600
3855045406
3854928326
3846224956
3846145446
3846068377
3843905631
3843797586
3810797045
3810503944
3808965597
3808649092
