4186127407
4185928469
4184944179
4184872331
4184784565
4184683799
4183437739
4183356494
4183255443
4183110017
4167452833
4167448032
4167347991
4167274476
4163946637
4163879540
4157531062
4157432427
4155466743
4155340662
4153768075
4153695159
4153587861
4149128262
4149046767
4148931989
4147601109
4147546509
4147438279
4129671589
4129555588
4129544470
4129377269
4129260117
4128058927
4127972759
4127753068
4127611187
4127424261
4127360105
4126075780
4125961121
4125862987
4125793617
4076188379
4076114893
4076043995
4072635180
4072586507
4070423361
4070356125
4066995932
4066891674
4066823822
4066615144
4066505440
4065175507
4065128649
4064949771
4064867263
4063646692
4063601628
4063481435
4063430773
4063222284
4063131353
4061867364
4061802430
4029867169
4029782118
4028020665
4027986886
4027927929
4027858018
4025975231
4025899019
4025774978
4025675324
4024135198
4024032892
3973246064
3973211743
3973127831
3973036021
3971470160
3971411606
3971338283
3969775882
3969656979
3969599769
3969382823
3967602199
3967532949
3967493885
3967424462
3967343435
3941208711
3941137339
3937770762
3937695236
