4186389316
4186297680
4185745466
4185679954
4184546816
4184421518
4184265897
4184178055
4182939521
4182861409
4182755577
4182682702
4165365412
4165227618
4165133945
4157256397
4157143183
4156943841
4156823337
4156716299
4155165022
4155083070
4153563499
4153054156
4129671589
4129555588
4129544470
4129143698
4129044657
4128961314
4127424284
4127419501
4127364625
4126075674
4125980682
4125865178
4125794906
4078180258
4078079157
4076314248
4076257095
4074486307
4074440208
4074356696
4072509593
4072441405
4067035268
4066926568
4066822873
4066608591
4066499119
4065175507
4065128649
4063653342
4063611898
4063465788
4063402142
4063202564
4063131437
4062098361
4062047269
4061880066
4061815647
3941931884
3941740660
3941608894
3941422211
3941338408
3937484599
3937435514
3932378219
3932294528
3932214146
3930496811
3930343388
3930149324
3930082757
3930016447
3899984103
3899867571
3893641241
3893538521
3893448698
3891494975
3891386864
3891064693
3890976184
3889445646
3889323628
3889125363
3889008004
3888646761
3888578614
3883462744
3883347356
3883220784
3878728704
3878503547
3878299774
3876477098
