4186389316
4186297680
4186019432
4185928449
4184944179
4184872331
4184751503
4184676146
4183451840
4183354725
4183229556
4183114529
4169198349
4169100790
4168955570
4167452833
4167448032
4167347991
4167274476
4165508718
4165440649
4153300893
4153214297
4153126975
4152410937
4152342966
4152267303
4143942569
4143884138
4143830386
4125170897
4125138171
4125087160
4124592132
4124435014
4124362294
4122859930
4122768911
4121288266
4121141684
4121009241
4120889684
4120743962
4107566677
4107505258
4107450019
4076485641
4076431752
4076188379
4076114893
4076043995
4072772695
4072699199
4070556816
4070500759
4066909869
4066838505
4066597494
4066517897
4065140946
4065095713
4064938488
4064851344
4063477071
4063413580
4063202564
4063131437
4062061780
4062034566
4061867364
4061802430
4005886846
4005817413
4005759778
3994028887
3993959478
3993903294
3981867179
3981821644
3981755230
3943981461
3943893584
3943790375
3943673479
3943547236
3943365614
3943262880
3943204781
3941931884
3941740660
3941608894
3941208711
3941137339
3937609487
3937537639
3933995420
3933935682
3933892648
3928337789
3928234992
