4127768032
4127637673
4127531266
4127424284
4127419501
4127364625
4126775565
4126645476
4126570281
4126075780
4125961121
4125840415
4125791133
4078566725
4078478649
4078180258
4078079157
4074639753
4074591870
4070423361
4070356125
4066775838
4066704198
4065260154
4065211201
4065042825
4064993264
4064786062
4064708096
4063369023
4063289036
4062151757
4062098446
4062010988
4061952570
4061742840
4061660411
3943981461
3943893584
3943790375
3943673479
3943547236
3942260942
3942119450
3937484599
3937435514
3932161077
3932111656
3928278244
3928136472
3928080962
3928032584
3927970381
3911466745
3911317677
3911193264
3909733428
3909634072
3909047737
3870838763
3870720136
3870602242
3870453145
3870156798
3870010503
3869862804
3868388262
3868240894
3865875641
3865715133
3862218492
3862104329
3860626926
3860516530
3858902133
3858746706
3858730878
3858598169
3856657225
3856540185
3856441285
3855322538
3855211981
3818397105
3816957355
3816899525
3816848333
3815378585
3815318822
3813872197
3813829086
3811272637
3811138840
3811024255
3810913865
3810690114
3808894481
3808730315
3807259050
3806929208
