4186102798
4185928845
4184958702
4184876337
4184784565
4184683799
4183408415
4183333306
4183229556
4183114529
4176765285
4176705840
4176630845
4175144598
4175068788
4174993559
4130264988
4130230422
4130166428
4130121291
4130022794
4129937734
4129849606
4128365840
4128274435
4128167158
4126838396
4126760117
4126663494
4126591337
4070612749
4066759760
4066666471
4065251250
4065192690
4065083072
4065016209
4064796732
4064721264
4063571098
4063527110
4063378608
4063266100
4062143387
4062103539
4061742840
4061660411
4031939643
4031887529
4031793106
4031635095
4031513567
4030133741
4030059076
4029867169
4029782118
4028198178
4028093026
4026215919
4026170962
4026109863
4026056800
4024317405
4024230549
4024135198
4024032892
3970454002
3970279887
3970112306
3970041014
3968073382
3967908532
3966866578
3966581710
3966411393
3966233770
3966036899
3917323099
3917196768
3917076539
3915763230
3915648691
3915514948
3913692326
3913576985
3913433059
3911051288
3910953977
3910845070
3909514591
3909391492
3908965592
3883770492
3883657400
3878823750
3878505320
3878219320
3876799364
3876379841
3876216637
